1234.23144353458746236482134627346
346.2368458172346
343.34
345623948.234586324
234.2345254627893309833034895702938457092384750928374509283659027349032475092649347598236498034749478569237456974569827659786345928734659823475689276598723465897624389576234895689437568927356892347659876589765987624856905698675984650234659876498769857634569823756238975684765782467682769723649876238764592784652987659827635986357634987659823765923764597659876529769827696974569823764593645897236976289756987356376589726976498765987346597
45.2345634562344
0.34564356
0.234534265767
34256.23456
225.2222
